     0.985      0.967      0.994      0.868     0.0169    0.00312   0.000541    0.00755      0.194      0.953    0.00041       2.48       0.95      0.127     0.0721      0.559       1.09      0.647      0.785        0.2       4.61          0      0.015        0.9      0.343          0      0.117      0.493          0          0          0      0.758          1          0          0       3.82
     0.985       0.96      0.994      0.859      0.015    0.00551   0.000542      0.011      0.195       0.95    0.00033       2.85      0.923      0.127     0.0586      0.474       1.04      0.999       0.89        0.2       4.72          0      0.015      0.833       0.36          0      0.119      0.531          0          0          0       0.82          1          0          0       3.54
     0.996      0.963      0.995      0.852     0.0152    0.00462   0.000271    0.00968      0.184      0.979    0.00031        2.7       0.95      0.139      0.059       0.48       1.04       1.09      0.635        0.2       4.61          0      0.015        0.9      0.291          0       0.13      0.561          0          0          0       0.82          1          0          0       2.96
     0.974      0.974      0.993      0.847     0.0176    0.00477    0.00058    0.00956      0.199       0.98    0.00032       2.71      0.915      0.113     0.0639      0.509      0.869       1.08      0.649        0.2       5.35          0      0.015        0.9      0.311          0      0.106      0.534          0          0          0       0.82          1          0          0       2.96
     0.971      0.974      0.994       0.84     0.0158    0.00489   0.000342     0.0097      0.184       0.98    0.00031       2.71       0.95      0.138     0.0591       0.48       1.04       1.09      0.633        0.2       4.61          0      0.015        0.9       0.29          0       0.13      0.561          0          0          0       0.82          1          0          0       2.96
     0.835       0.78      0.834      0.332     0.0757     0.0284   0.000955    0.00956      0.199      0.857    0.00031       2.71      0.944      0.123     0.0668      0.427      0.869       1.08      0.579        0.2       5.35          0      0.015        0.9      0.275          0      0.072       0.47          0          0          0       0.82          1          0          0       2.94
     0.827      0.808      0.842      0.327     0.0717     0.0254   0.000661     0.0087      0.246      0.935    0.00035       3.03      0.853      0.113      0.064      0.509      0.869       1.03      0.526        0.2       5.35          0      0.015        0.9      0.311          0      0.104       0.54          0          0          0      0.655          1          0          0       2.77
     0.867       0.49      0.531      0.356     0.0752     0.0778     0.0107    0.00956      0.172       0.98    0.00033       2.71       0.95      0.125     0.0706      0.511      0.711       1.38      0.887        0.2       4.58          0      0.015      0.897      0.267          0      0.106      0.458          0          0          0      0.791          1          0          0       2.58
     0.854      0.728      0.796       0.31     0.0719     0.0309   0.000942    0.00952      0.203      0.972    0.00032        2.7      0.877      0.115     0.0627      0.512      0.869       1.07      0.639        0.2       5.37          0      0.015        0.9      0.311          0      0.106       0.54          0          0          0      0.795          1          0          0       2.96
     0.799      0.745      0.785      0.307     0.0721     0.0275   0.000809    0.00956      0.209      0.913    0.00034       2.54      0.915      0.113     0.0593      0.545       0.69        0.9       0.64        0.2       6.36          0      0.015      0.764      0.311          0     0.0959      0.532          0          0          0          1          1          0          0       2.96
     0.795      0.727      0.784      0.301     0.0641     0.0324    0.00059     0.0101       0.17       0.98    0.00034       2.64       0.95      0.113     0.0584      0.519      0.836        1.2      0.649        0.2       4.17          0      0.015        0.9      0.295          0      0.104      0.473          0          0          0      0.765          1          0          0       2.96
     0.834      0.721       0.78      0.299       0.12     0.0239    0.00171    0.00739      0.235       0.98    0.00035       1.55       0.95      0.151      0.103      0.502       1.25      0.719      0.785        0.2       4.35          0      0.015      0.667      0.313          0      0.113      0.493          0          0          0      0.758          1          0          0        4.6
     0.777      0.744      0.761      0.295     0.0761     0.0336   0.000847    0.00926      0.221       0.98     0.0003       2.77      0.882      0.106     0.0635      0.496      0.892       1.04      0.714        0.2       5.35          0      0.015        0.9      0.312          0      0.106       0.58          0          0          0      0.768          1          0          0       3.77
     0.802      0.728      0.776      0.292      0.074      0.032   0.000784    0.00956      0.199       0.98    0.00032       2.71      0.915      0.113     0.0639      0.509      0.869       1.08      0.649        0.2       5.35          0      0.015        0.9      0.311          0      0.106      0.534          0          0          0       0.82          1          0          0       2.96
     0.799       0.72      0.759       0.29     0.0762     0.0303     0.0017    0.00972      0.196       0.98    0.00031       2.72      0.915      0.113     0.0654      0.499       0.88       1.06      0.649        0.2       5.31          0      0.015        0.9      0.306          0      0.106      0.544          0          0          0      0.799          1          0          0       2.95
     0.724      0.762      0.764      0.289      0.086     0.0365   0.000906    0.00715      0.166      0.959    0.00035       1.96      0.909        0.1     0.0713      0.532      0.821       1.27      0.579        0.2        6.2          0      0.015      0.894      0.287          0       0.11      0.549          0          0          0      0.972          1          0          0       2.77
     0.595      0.812      0.694      0.271     0.0432     0.0121    0.00362     0.0107        0.2      0.949    0.00033       2.55      0.923      0.123       0.05        0.5       1.04      0.989          1        0.2          4          0      0.015       0.71      0.354          0      0.117        0.5          0          0          0      0.592          1          0          0       3.61
     0.816      0.621      0.695      0.256     0.0905      0.034    0.00215    0.00943      0.195       0.98    0.00029       2.71       0.94      0.126     0.0705      0.655      0.881        1.2        0.5        0.2       5.35          0      0.015      0.807      0.239          0      0.106       0.38          0          0          0          1          1          0          0       3.68
     0.606      0.879      0.628      0.258      0.047     0.0121    0.00351     0.0114        0.2       0.95    0.00033       2.82      0.923      0.127     0.0591      0.461       1.04       1.02      0.902        0.2       4.61          0      0.015      0.833      0.354          0      0.117      0.542          0          0          0       0.82          1          0          0       3.54
     0.839      0.233      0.282      0.151     0.0714     0.0304     0.0198     0.0081      0.194      0.931    0.00042       2.48      0.797      0.127     0.0637      0.591       1.03      0.647      0.584        0.2       4.49          0      0.015        0.9      0.333          0      0.116       0.52          0          0          0      0.758          1          0          0       4.01
     0.401      0.749      0.451     0.0823      0.059     0.0146    0.00371       0.01        0.2      0.937     0.0005          3        0.8        0.1       0.05        0.5          1          1          1        0.2          4          0      0.015        0.7        0.4          0        0.1        0.5          0          0          0        0.5          1          0          0          3
